
0.00 00.21		
0.30 0.0271		

1.00 0.0219	

1.30 0.0224
2.00 0.0214		

2.30 0.0145	

3.00 0.0262
3.30 0.0277	

4.00 0.0291	

4.30 0.0296
5.00 0.0221
5.30 0.0169
6.00 0.0256
6.30 0.0206
7.00 0.0201
7.30 0.0279
8.00 0.0135
8.30 0.0255
9.00 0.0259
9.30 0.0267
10.00 0.0111
10.30 0.0307
11.00 0.0141
11.30 0.0344
12.00 0.0331
12.30 0.0.235	
13.00 0.023
13.30 0.0297
14.00 0.0288
14.30 0.0315
15.00 0.0384
15.30 0.0414
16.00 0.0374
16.30 0.0435	

17.00 0.0325
17.30

18.00

18.30

19.00

19.30

20.00

20.30

21.00

21.30

22.00

22.30

23.00

23.30

24.00

24.30